#OM_number;a;b
1;196.432;6.26855
2;168.21;-2.66066
3;195.945;9.30972
4;165.479;-4.65252
5;168.642;4.07297
6;174.43;6.27434
7;207.703;3.88913
8;193.153;6.82897
9;162.776;6.37032
10;173.96;7.36024
11;177.42;-8.26331
14;186.105;7.98542
15;170.888;3.79434
16;161.482;3.44015
17;179.491;-0.7246
18;177.118;4.14815
19;184.828;4.98091
20;197.887;5.73043
21;167.789;12.7061
22;179.959;0.869725
23;190.687;3.5306
24;180.813;-4.38449
27;188.769;-3.25564
28;193.184;0.534143
29;190.01;7.62916
30;190.272;4.1847
31;180.226;-6.31546
32;203.015;12.0481
33;201.851;-2.38314
34;176.293;20.9321
35;175.549;2.26789
36;173.088;-0.0993416
37;181.377;-16.8602
40;160.983;13.2018
41;187.325;1.47322
42;176.456;-3.13033
43;185.025;-0.295258
44;159.982;-2.99707
45;207.67;6.07027
46;172.763;12.9596
47;164.306;8.16204
48;168.892;14.6281
49;176.7;27.6128
50;185.854;5.57499
53;167.444;-3.36369
54;188.036;-1.77183
55;184.623;-11.1703
56;161.082;4.56024
57;162.346;5.20644
58;187.665;1.31735
59;203.009;-5.59281
60;178.149;-3.43233
61;195.04;7.616
62;192.387;10.8673
63;184.176;-9.20253
66;169.193;2.3997
67;176.029;11.1676
68;189.524;-5.64875
69;167.929;5.30076
70;151.14;-2.56878
71;155.281;3.04782
72;167.464;6.36596
73;170.923;11.4112
75;179.557;8.04127
76;185.645;12.608
79;160.539;2.987
81;206.853;4.44443
82;177.136;3.32576
83;148.939;6.07076
84;215.049;9.23542
85;198.562;0.42904
86;199.309;13.341
87;176.88;11.6187
88;170.105;5.65982
89;149.225;12.9636
92;170.759;13.1184
93;160.045;12.3064
94;180.006;3.6788
95;207.676;-4.33978
96;166.87;-0.884701
97;178.208;7.42434
99;182.688;2.49772
100;207.566;6.6821
101;200.238;13.3345
102;180.275;10.9447
105;161.723;-10.3567
106;187.305;6.33302
107;168.603;0.494877
108;147.929;0.732446
109;174.843;2.04051
110;163.497;7.07569
111;184.181;-1.62405
112;260.232;-266.757
113;177.636;-4.80928
114;167.368;6.70717
115;163.63;5.99909
118;169.675;2.79557
120;170.19;1.55325
121;211.136;1.00849
122;189.26;0.191933
123;199.519;3.27055
124;171.799;-2.64438
125;172.383;12.4431
126;173.315;4.14526
127;180.115;10.527
128;165.982;5.3668
131;189.257;-23.0695
132;173.552;-26.5838
133;194.941;2.5404
134;165.411;6.88527
135;193.3;0.838917
137;199.707;-3.26141
138;158.232;6.12704
139;173.815;0.212018
140;177.034;12.1605
141;160.532;1.62228
144;155.167;-34.8507
145;175.366;2.53224
147;154.137;4.08411
148;172.45;-3.56745
149;171.722;6.35147
150;186.543;-0.702664
151;158.529;8.69488
152;168.607;13.6107
153;161.185;10.1417
154;194.226;4.40559
157;172.197;-4.40459
158;157.008;-6.33475
159;189.698;-1.36547
160;183.939;1.92118
161;179.298;7.65684
162;178.265;2.61494
163;185.838;-5.45022
164;187.781;-3.82425
165;195.053;6.08797
166;165.406;8.51601
167;157.96;10.8644
170;187.966;-8.60617
171;167.704;16.107
172;190.122;-5.41179
173;176.211;4.01556
174;177.97;7.55045
175;176.446;-0.65037
176;187.523;-11.7247
177;161.367;3.08151
178;177.181;-3.27179
179;164.333;8.49749
180;159.515;8.03289
183;189.342;-8.56171
184;167.036;2.58657
185;171.41;4.01613
186;177.529;-1.87507
187;173.281;-1.71227
188;179.917;4.89965
189;175.547;-3.82194
190;191.584;-2.838
191;166.369;-2.21496
192;186.985;4.67637
193;164.398;1.12255
196;179.337;-6.43947
197;199.136;4.70619
198;137.781;0.313956
199;178.743;6.08322
200;183.344;6.50035
201;173.336;4.69423
202;173.246;3.17673
203;180.665;-3.95364
204;180.476;-1.21854
205;158.06;11.6514
206;149.34;15.7615
209;139.085;-1.68242
210;173.554;2.21475
211;162.9;1.6765
212;155.476;2.70455
213;170.503;7.50433
214;139.611;3.03694
215;159.06;0.880861
216;162.835;3.16461
217;153.609;-2.43737
218;184.305;-1.52804
219;178.543;13.6101
222;166.755;5.15252
223;155.776;2.99011
224;148.082;-3.53668
225;171.295;3.6336
226;166.459;2.39733
227;154.033;2.92926
228;135.926;-8.71369
229;170.932;4.1477
230;116.328;-4.00808
231;157.475;5.40122
232;174.502;12.0285
235;159.045;-9.66963
236;166.774;9.29966
237;158.904;-1.63104
238;171.257;4.85346
239;160.914;-3.74268
240;164.528;2.21395
241;179.145;-5.09377
242;154.865;3.84677
243;155.804;-4.98405
244;181.051;4.56083
245;181.653;14.2623
248;184.789;5.44438
249;139.865;18.142
250;173.492;3.31573
251;163.354;10.3066
252;165.721;5.36121
253;176.361;-0.719203
254;156.55;-3.71356
255;161.156;10.3809
256;163.52;9.66914
257;165.56;3.11655
258;183.196;-26.2561
261;180.074;-19.9155
262;177.147;7.44658
263;204.018;6.27751
264;183.631;2.21496
265;178.645;6.71082
266;183.295;13.6211
267;168.439;0.648242
268;168.629;5.84312
269;189.842;6.42882
270;188.112;-8.91875
274;190.578;8.55658
275;170.908;3.00376
276;196.983;0.854212
277;177.685;-2.59733
278;175.771;1.21777
279;182.974;8.89425
280;188.12;0.226259
281;189.694;4.57165
282;160.766;-0.511646
283;188.54;3.79193
284;194.789;-24.5235
287;188.336;2.07105
288;190.983;2.4679
289;160.247;-2.75798
290;180.927;-1.43182
291;181.712;-5.22777
292;211.821;5.63399
293;172.185;-8.04424
294;183.293;6.30375
295;170.167;12.2105
296;180.877;3.16145
297;160.104;28.052
300;185.111;8.49336
301;166.51;8.3472
302;165.411;6.88527
303;169.01;3.89225
304;180.803;8.65672
305;165.824;7.94299
306;199.441;3.81641
307;166.714;0.554397
308;217.595;3.69227
309;189.143;-2.3776
310;169.432;9.71479
313;204.034;12.5278
314;244.874;-2.25562
315;175.506;0.0664979
316;137.088;3.64927
317;179.168;0.532079
318;151.445;52.5536
319;181.546;3.10063
320;198.219;4.03513
321;172.633;2.75271
322;194.648;2.97401
323;151.644;6.31037
326;163.253;12.7084
327;175.631;15.01
328;162.474;0.389063
329;156.221;-5.82555
330;179.118;7.89075
331;215.953;2.93168
332;164.89;1.82454
333;196.575;-3.1952
334;176.684;-1.48215
335;190.9;20.991
336;180.125;4.71481
339;205.326;3.21591
340;215.981;-18.581
341;169.198;-2.87847
342;171.024;-3.54034
343;185.028;5.3358
344;202.916;-9.98519
345;180.361;6.44112
346;196.832;-0.152357
347;161.124;3.95504
348;169.223;33.3547
349;162.286;16.1892
352;173.266;6.92396
353;242.543;-7.90827
354;187.757;1.42065
355;162.495;10.3815
356;159.048;-1.56625
357;196.437;1.6113
358;170.285;-0.210267
359;188.732;-0.30508
360;175.596;6.04949
361;160.04;-0.064151
362;162.546;3.43272
365;183.131;-4.40864
366;176.388;18.4787
367;183.842;-2.057
368;210.92;13.4141
370;186.627;4.92373
371;164.669;-5.18344
372;164.989;4.36922
373;210.449;-0.55787
374;178.126;8.74907
375;178.815;24.3092
378;159.581;17.036
379;193.518;16.6801
380;178.478;8.12866
381;161.22;4.687
382;167.098;6.03763
383;184.445;2.039
384;155.057;9.79258
385;191.704;5.94069
386;195.961;4.54829
387;184.65;2.78601
388;182.426;16.5858
391;162.169;46.2806
392;184.164;15.6566
393;175.671;8.23109
394;151.37;6.24589
395;174.392;-2.84357
396;158.55;3.39261
397;188.993;0.351894
398;179.002;15.0187
399;161.718;3.34492
400;152.464;-0.885309
401;165.647;-6.62579
404;165.832;6.29985
405;167.399;-0.24485
406;150.925;-6.28107
407;162.496;6.44661
408;176.592;1.58484
409;182.999;0.922579
410;168.641;7.58088
411;184.547;2.56901
412;153.732;0.112483
413;161.914;11.6699
414;183.822;19.1862
417;146.34;24.2415
418;160.524;9.19834
419;142.8;0.680804
420;182.268;10.593
421;169.354;-2.81181
422;158.892;1.33303
423;160.227;0.408758
424;171.336;-3.28234
425;139.377;4.61213
426;173.74;4.33827
427;153.528;0.841141
430;175.221;5.03253
431;165.451;10.6968
432;153.745;6.46717
433;147.354;11.6615
434;167.437;5.6426
435;170.239;0.931001
436;145.842;-1.38179
437;189.986;-4.90136
438;182;8.09837
439;160.225;2.8801
440;146.805;8.868
443;171.496;8.32202
444;204.943;5.14852
445;232.119;-6.10685
446;161.359;1.91709
447;174.115;4.66138
448;175.831;-0.225686
449;138.451;-0.0903586
450;168.632;1.03045
451;186.225;1.4284
452;161.351;4.03822
453;153.732;0.112483
456;168.741;12.3091
457;182.621;8.72042
458;158.406;-6.02821
459;170.336;11.9105
460;151.854;4.40939
462;153.75;3.06403
463;170.947;0.269604
464;186.704;-0.343465
465;141.41;3.41087
466;152.015;8.5591
469;169.877;6.77992
470;165.227;11.8436
471;178.665;5.43007
472;151.927;5.60758
473;154.31;2.575
474;171.904;6.29318
475;183.541;-2.39733
476;175.539;-5.32384
477;176.716;2.13681
478;142.359;1.03307
479;151.144;-3.97386
482;167.931;11.7244
483;178.101;7.20486
484;143.466;8.49078
485;145.901;1.30215
486;145.426;-1.3876
487;183.631;2.21496
488;179.986;-11.9567
489;160.638;6.68375
490;194.512;-7.29571
491;162.869;5.16744
492;162.433;18.0552
495;165.379;-15.8282
496;148.269;6.62479
497;171.74;-1.64478
498;159.147;1.406
499;150.385;5.09491
500;173.149;-4.10678
501;166.171;4.19534
502;176.044;1.87607
503;173.237;-6.4303
504;140.52;5.20836
505;153.679;3.35841
508;179.337;-18.6417
509;176.643;-13.3538
510;166.293;4.36542
511;156.163;5.00971
512;122.459;-9.93606
513;180.674;-8.32216
514;162.285;-6.86645
515;163.039;-2.04011
516;172.361;-10.5995
517;151.828;20.0589
518;147.89;-24.7178
523;176.468;1.0437
524;164.96;-18.7992
525;188.458;-32.0573
526;230.953;45.4101
527;177.015;-4.60679
528;173.267;10.8652
529;187.31;-1.32294
530;178.01;22.3217
531;177.639;17.9985
537;176.081;54.5649
538;178.701;3.56216
539;188.138;10.5719
540;150.09;12.166
541;132.303;7.21378
542;175.811;19.8919
543;178.744;18.66
544;154.819;25.3599
545;150.813;7.12919
546;166.084;19.5936
547;152.182;22.0549
548;154.611;27.5894
549;144.929;11.3292
557;153.95;-2.28619
558;150.321;39.9426
559;138.11;16.3656
560;156.691;0.600942
561;123.664;4.96621
562;146.965;2.27585
570;124.138;-10.0582
571;161.204;-23.1744
572;153.956;27.0565
573;147.232;12.4301
574;251.831;-51.773
576;131.367;11.9769
577;153.538;22.8765
578;132.307;5.34673
579;141.103;-22.9181
580;182.024;5.64975
581;229.812;-32.3903
587;182.554;1.52972
588;150.879;-7.87007
589;103.989;-21.298
590;177.238;25.3449
591;163.996;-11.3474
592;186.226;5.89581
593;177.181;-27.1382
594;161.493;-18.9064
602;189.546;9.52282
603;223.862;-6.88112
604;181.998;-4.98832
605;205.839;6.29413
606;171.542;6.39559
607;153.667;14.377
608;143.813;12.2286
609;150.595;-14.6218
610;160.998;17.3212
611;161.741;36.7713
612;183.019;15.9586
613;162.075;12.7841
621;155.901;151.964
622;285.889;90.7293
623;182.65;27.8946
635;197.05;-16.4997
636;167.898;93.5873
637;209.761;-97.6424
638;168.988;28.5552
639;161.068;30.6648
640;179.15;-8.69141
641;152.203;12.0483
642;193.368;21.5541
643;176.562;-15.625
