-2087.5;1317.5
-1252.5;1302.5
-417.5;1317.5
412.5;1312.5
1262.5;1307.5
2087.5;1317.5
-2087.5;887.5
-1257.5;882.5
-417.5;882.5
417.5;877.5
1257.5;872.5
2077.5;877.5
-2092.5;442.5
-1247.5;442.5
-422.5;442.5
407.5;437.5
1252.5;437.5
2082.5;437.5
-2092.5;2.5
-1257.5;2.5
-422.5;2.5
422.5;2.5
1257.5;2.5
2087.5;2.5
-2087.5;-452.5
-1252.5;-452.5
-417.5;-447.5
412.5;-452.5
1262.5;-432.5
2087.5;-457.5
-2087.5;-892.5
-1252.5;-892.5
-417.5;-882.5
417.5;-892.5
1252.5;-882.5
2087.5;-882.5
-2092.5;-1317.5
-1257.5;-1322.5
-432.5;-1322.5
437.5;-1287.5
1272.5;-1502.5
2087.5;-1312.5
